1 0.29693335667600373 0.13157894736842105 0.4743230625583567 0.1951417004048583
1 0.7969333566760037 0.09878542510121456 0.2773109243697479 0.12793522267206478
1 0.8207428804855276 0.23076923076923075 0.22782446311858076 0.10526315789473684
1 0.7549165499533146 0.3481781376518218 0.3650793650793651 0.10040485829959514
1 0.7773255135387489 0.4489878542510121 0.31465919701213824 0.07368421052631578
1 0.8688287815126051 0.5360323886639676 0.12418300653594772 0.07125506072874493
1 0.8324069211017739 0.6356275303643724 0.1970267273576096 0.10850202429149788
1 0.7413778011204483 0.7923076923076923 0.3921568627450981 0.18218623481781376
1 0.2619193510737628 0.28906882591093114 0.40429505135387483 0.09878542510121456
1 0.23764297385620914 0.3878542510121457 0.35014005602240894 0.07125506072874493
1 0.2175682773109244 0.5064777327935223 0.3174603174603175 0.13036437246963561
1 0.19749358076563958 0.6368421052631578 0.2623716153127918 0.10121457489878542
1 0.17041608309990663 0.7546558704453441 0.21568627450980393 0.09716599190283401
1 0.15220880018674135 0.8554655870445343 0.17366946778711484 0.07206477732793522