1 0.15285359801488835 0.19602977667493796 0.22729528535980148 0.24937965260545905
1 0.14813895781637718 0.38957816377171217 0.2238213399503722 0.15260545905707196
1 0.13970223325062034 0.5099255583126551 0.20893300248138957 0.09305210918114143
1 0.1205955334987593 0.6066997518610422 0.16774193548387095 0.09057071960297766
1 0.06327543424317618 0.7009925558312655 0.04119106699751861 0.08560794044665013
1 0.060545905707196035 0.792803970223325 0.0456575682382134 0.09057071960297766
1 0.43870967741935485 0.151985111662531 0.22233250620347395 0.16377171215880892
1 0.5081885856079404 0.27977667493796526 0.20248138957816375 0.09181141439205955
1 0.5679900744416873 0.3722084367245657 0.08188585607940446 0.10297766749379653
1 0.35682382133995033 0.47518610421836227 0.06352357320099256 0.09801488833746898
1 0.46972704714640195 0.6947890818858561 0.2327543424317618 0.2518610421836228
1 0.5503722084367246 0.880272952853598 0.11612903225806452 0.10669975186104219
1 0.8523573200992555 0.17338709677419356 0.22084367245657566 0.20161290322580644
1 0.7034739454094292 0.33188585607940446 0.047146401985111656 0.09925558312655086
1 0.8548387096774195 0.4478908188585608 0.21588089330024812 0.1327543424317618
1 0.7042183622828784 0.5669975186104218 0.04665012406947891 0.10049627791563275
1 0.9228287841191066 0.6724565756823822 0.08287841191066997 0.10049627791563275
1 0.7042183622828784 0.7772952853598015 0.0456575682382134 0.0967741935483871
1 0.9265508684863524 0.8784119106699753 0.06749379652605458 0.09553349875930521