1 0.30306073264781486 0.28987854251012146 0.18123393316195371 0.09392712550607288
1 0.19027152956298202 0.3809716599190283 0.16259640102827763 0.07854251012145749
1 0.29566998714652953 0.4700404858299595 0.19087403598971722 0.07368421052631578
1 0.33423039845758357 0.5356275303643725 0.11503856041131105 0.04939271255060729
1 0.1677779562982005 0.5834008097165992 0.11246786632390744 0.04777327935222672
1 0.1934848971722365 0.6627530364372469 0.16002570694087404 0.10445344129554655
1 0.2963126606683804 0.757085020242915 0.1895886889460154 0.07773279352226721
1 0.8833949228791773 0.3 0.06683804627249358 0.052631578947368425
1 0.5424566195372751 0.3 0.06491002570694086 0.046153846153846156
1 0.8605800128534703 0.36356275303643726 0.11118251928020566 0.051821862348178135
1 0.5643075192802056 0.36477732793522266 0.10604113110539845 0.04777327935222668
1 0.8403357969151671 0.43036437246963566 0.15424164524421594 0.05101214574898785
1 0.5880864395886889 0.43238866396761133 0.15231362467866325 0.048582995951417
1 0.8207342544987147 0.5 0.18830334190231363 0.04939271255060729
1 0.6022252570694088 0.5012145748987854 0.18830334190231363 0.05020242914979758
1 0.8208748393316195 0.5748987854251012 0.18930751928020564 0.06639676113360324
1 0.6036511889460154 0.5748987854251012 0.1860138174807198 0.06477732793522267
1 0.8210555912596401 0.6672064777327935 0.1889460154241645 0.08421052631578947
1 0.6031892673521851 0.6688259109311742 0.19023136246786632 0.08582995951417004
1 0.8220196015424164 0.7850202429149797 0.1934447300771208 0.11578947368421053
1 0.6025465938303342 0.78582995951417 0.19023136246786632 0.12064777327935224