1 0.16448016319639844 0.10566801619433197 0.2425436128306134 0.08987854251012146
1 0.3577834833989871 0.10161943319838057 0.10354530106921779 0.08340080971659919
1 0.48440137872819355 0.10323886639676114 0.12267867191896453 0.08340080971659919
1 0.6172094822734947 0.10566801619433197 0.10917276308384918 0.08178137651821862
1 0.8223304727068094 0.10364372469635627 0.2774338773213281 0.08097165991902834
1 0.9241875351716377 0.2202429149797571 0.07034327518289252 0.08582995951417005
1 0.736793050084412 0.21821862348178137 0.27405740011254925 0.08340080971659919
1 0.5274514631401238 0.2202429149797571 0.11198649409116489 0.08097165991902834
1 0.36960115362971296 0.2206477732793522 0.15756893640967926 0.08340080971659919
1 0.16166643218908272 0.22105263157894736 0.22903770399549803 0.0825910931174089
1 0.8791678390545864 0.337246963562753 0.16488463702870007 0.08502024291497975
1 0.658289954980304 0.3368421052631579 0.23522791221159256 0.0825910931174089
1 0.435723832301632 0.3380566801619433 0.17501406865503658 0.08340080971659919
1 0.25423818232976925 0.3368421052631579 0.14406302757456388 0.08582995951417005
1 0.10145258863252672 0.33765182186234816 0.1108610016882386 0.08097165991902834
1 0.8853580472706809 0.45587044534412957 0.1389983117613956 0.0825910931174089
1 0.7474852279122116 0.45587044534412957 0.10185706246482837 0.0825910931174089
1 0.5952623804164322 0.4554655870445344 0.17445132245357342 0.08178137651821862
1 0.3763541080472707 0.45587044534412957 0.20821609454136186 0.08582995951417005
1 0.1509742543612831 0.45425101214574903 0.208778840742825 0.08582995951417005
1 0.8802933314575128 0.5720647773279351 0.15925717501406866 0.08502024291497975
1 0.673202729319077 0.5716599190283401 0.22228474957794034 0.07935222672064778
1 0.47145821609454136 0.5720647773279351 0.16207090602138435 0.08340080971659919
1 0.2556450478334271 0.5716599190283401 0.23579065841305571 0.08421052631578947
1 0.08457020258863254 0.5712550607287449 0.07371975239167136 0.08663967611336033
1 0.9163090883511535 0.6902834008097167 0.0714687675858188 0.08340080971659919
1 0.7764666572875634 0.6894736842105263 0.16319639842431063 0.08502024291497975
1 0.5508054305008442 0.6898785425101215 0.2554867754642656 0.0874493927125506
1 0.3530001406865504 0.6898785425101215 0.10861001688238604 0.0874493927125506
1 0.1611036859876196 0.6914979757085019 0.23241418120427687 0.09392712550607288
1 0.9084306415306697 0.8052631578947368 0.09622960045019696 0.08825910931174089
1 0.7730901800787845 0.8072874493927126 0.13505908835115363 0.08582995951417005
1 0.5603721159257175 0.8068825910931173 0.24535734383792906 0.08340080971659919
1 0.36087858750703433 0.8093117408906882 0.11648846370287 0.08663967611336033
1 0.23172833427124367 0.8060728744939271 0.09454136184580754 0.08825910931174089
1 0.10651730444569499 0.8089068825910931 0.12211592571750139 0.0825910931174089