0 0.5011390186915887 0.07530364372469636 0.12377336448598131 0.03238866396761133
1 0.4574182242990654 0.16072874493927125 0.4747663551401869 0.08663967611336032
1 0.45928738317757006 0.25101214574898784 0.47102803738317756 0.08582995951417004
1 0.55928738317757 0.31821862348178137 0.4411214953271028 0.0437246963562753
1 0.35087616822429907 0.3651821862348178 0.26168224299065423 0.0388663967611336
1 0.6863901869158878 0.4121457489878543 0.18504672897196262 0.0534412955465587
1 0.42470794392523364 0.46680161943319837 0.40934579439252333 0.05263157894736842
1 0.6518107476635514 0.5190283400809715 0.25607476635514015 0.05020242914979757
1 0.42610981308411217 0.5728744939271255 0.40654205607476634 0.054251012145748984
1 0.45461448598130844 0.6663967611336032 0.47289719626168225 0.13441295546558704
1 0.4550817757009346 0.7748987854251013 0.4738317757009346 0.0825910931174089
1 0.878446261682243 0.16639676113360324 0.15607476635514017 0.08825910931174089
1 0.12096962616822429 0.15910931174089066 0.15514018691588785 0.07044534412955465